%YAML:1.0
---
K: !!opencv-matrix
   rows: 3
   cols: 3
   dt: d
   data: [ 1.9299845561405989e+03, 0., 9.6824980064056126e+02, 0.,
       1.9300144218902567e+03, 5.2818562163864806e+02, 0., 0., 1. ]
D: !!opencv-matrix
   rows: 1
   cols: 5
   dt: d
   data: [ 1.7286606911173225e-01, -2.2079660255161843e-01,
       -8.6374393332657644e-04, -5.8386600290133688e-04,
       -3.5685307696602493e+00 ]
cam_width: 1920
cam_height: 1080
board_width: 9
board_height: 6
square_size: 2.4000000208616257e-02
