%YAML:1.0
---
K: !!opencv-matrix
   rows: 3
   cols: 3
   dt: d
   data: [ 1.6631491279278480e+03, 0., 9.7240758014462494e+02, 0.,
       1.6653731433210230e+03, 5.3932013291726116e+02, 0., 0., 1. ]
D: !!opencv-matrix
   rows: 1
   cols: 5
   dt: d
   data: [ 1.7507055960128948e-01, -9.2410787068394684e-01,
       9.0226939946653009e-05, 1.4122946839678064e-03,
       1.7136648973529531e+00 ]
cam_width: 1920
cam_height: 1080
board_width: 9
board_height: 6
square_size: 2.4000000208616257e-02
